2.369110274084708090e-01 -5.394106123218622706e-01 3.559935550312086638e-01
1.085578404398501950e+00 -6.844443006287901365e-01 7.240250935135970067e-01
1.981246013999035327e+00 -1.420760163358130157e-01 1.302715072191563128e-01
6.029015584728236732e-02 -2.054662771573975699e-01 2.733660874240890215e-01
8.906597847660332468e-01 -4.785957027328052171e-01 8.712008210844857103e-01
9.367398921561566061e-01 -9.009136044654296460e-02 9.939223840564596069e-01
2.459904014095080083e-01 -5.067761078513948192e-01 4.179084848916046480e-01
2.830832562299695487e-01 -6.484281290507035722e-01 2.560690218632090676e-01
5.603562662069498934e-01 -6.684692114021616449e-01 5.998852396449488866e-01
7.493414949262033886e-03 -5.392728908071740129e-02 1.096472805104024978e-01
1.635871722381773807e+00 -5.959941119762073303e-01 4.903653445798638044e-01
1.971987977122299451e+00 -2.344327394254120955e-01 1.675300018495628346e-02
2.228187878245860842e-01 -2.121570900250994637e-02 6.289191181170080691e-01
6.301592686914421204e-01 -7.846900932699945042e-01 4.974729047788215008e-01
1.825866031292926683e+00 -3.147637923951390193e-01 4.678344294229534461e-01
3.072726174133688648e-02 -1.057199418823254744e-01 2.221118023810325637e-01
1.931768702799671278e+00 -2.156997423574610329e-01 2.920286041297026625e-01
1.995863896143487803e+00 -6.029398691408280331e-02 6.796863614871800907e-02
1.909190446828751053e+00 -4.071811163475674844e-01 8.704177092227005641e-02
1.779689111226288034e-01 -2.687242194725501521e-01 5.020479885309293566e-01
6.423224570364249875e-02 -1.119120214056774643e-01 3.343866167836969661e-01
4.954638679738432305e-01 -5.286181575159685231e-01 6.826464202092522582e-01
5.501062645894927439e-02 -2.313332653325090305e-01 2.312574414912771936e-01
9.698793828081708757e-02 -3.828043741124901311e-01 1.950128907278062818e-01
1.836866616880862946e+00 -1.779158861939685310e-01 5.176873602766383087e-01
1.967768713114211643e+00 -1.608039299172920600e-01 1.938190239383575375e-01
1.980894877366297768e+00 -1.462147549501468247e-01 1.283218024788620459e-01
1.191412925006464452e+00 -5.173621095575646756e-01 8.340848516395775736e-01
2.172741216150443355e-01 -2.690884407352395757e-01 5.611876783832455695e-01
1.998112473198862871e+00 -3.187609201195177461e-02 5.249195750679275935e-02
2.073885349053172789e-04 -1.325226925354082777e-02 1.546322797600607236e-02
6.820745052777887896e-02 -3.595942030940140755e-01 4.954446335605239976e-02
1.983423372584342426e+00 -1.075449766431335052e-01 1.459881784723186249e-01
1.723602910082585371e+00 -6.749987270184611976e-01 1.441372507142789916e-01
1.729282923915790304e-01 -1.787310892174231655e-02 5.618121950003952536e-01
4.000917656120206445e-03 -8.840903191017235319e-02 1.302578392479613462e-02
2.466121600966708627e-03 -6.931232812224566442e-02 1.104366861404116468e-02
1.776773471279864403e+00 -5.888318864450323709e-01 2.233830428242346566e-01
5.023451822161448810e-01 -8.667897361868167616e-01 3.186276161456258471e-02
9.710015289269031680e-01 -9.986680702981128865e-01 4.267521578698945522e-02
7.329490964128342334e-01 -7.098598548266433772e-01 6.517536355086750444e-01
4.625526470566465598e-03 -9.576260399809519153e-02 7.692926719203758285e-03
1.701553445758107186e-01 -3.420563709853119416e-01 4.408574451364831170e-01
1.969234902212010141e+00 -2.460713886141755735e-01 5.707542340330692791e-03
9.617123317274886007e-01 -8.612789728679663970e-01 5.066878579103262226e-01
1.627834796430205788e+00 -2.112407175145314953e-01 7.491333844218851512e-01
1.952196203260041507e+00 -2.976988626538538130e-01 6.854033609316191600e-02
1.573198699842031312e+00 -6.821349732469870197e-01 4.540210664415664232e-01
1.192030471370064681e-03 -2.724615143724722771e-02 4.050045972521928300e-02
7.082568802352362525e-04 -1.021915077818895227e-02 3.621575748254902971e-02
1.346815169037723026e+00 -8.033751730021568838e-01 4.840532717884367675e-01
5.626823692557714196e-02 -3.051383737126710516e-01 1.275183604522411862e-01
1.013635792574800298e+00 -5.037976513333289885e-01 8.637140682377927314e-01
1.542886356730972519e+00 -8.194003168671563087e-01 1.840041423266752241e-01
1.944382330376996260e+00 -1.831071451377677961e-01 2.731552442681823289e-01
5.964570124472567958e-01 -9.105737835267408986e-01 8.948989859644744527e-02
4.325149539288031253e-02 -1.633263598745039458e-01 2.407421838859661045e-01
1.999963955693597750e+00 -8.162715824869054212e-03 2.336104444363189779e-03
1.345702784434636534e+00 -6.904990275717942660e-01 6.353744390172977319e-01
1.662106555419797349e+00 -4.946982869096092778e-02 7.477751301824753227e-01
3.985699170382928092e-02 -1.318021009710513558e-01 2.464824736154604401e-01
1.134388599023899102e+00 -6.326479133487114548e-02 9.889071092017434061e-01
6.233455736239126299e-01 -8.489860323532076869e-01 3.706132215132895147e-01
6.866678563420602899e-01 -8.173600530428579147e-02 9.461195448713750622e-01
8.892521116509524148e-01 -9.329398044891318298e-01 3.425758695909669194e-01
2.291715754078242906e-01 -6.057240429006999216e-01 1.972864001718709626e-01
6.058723417698230751e-02 -3.424278301280173076e-01 1.571103314762701056e-02
1.078832838837285424e+00 -7.966200985289141334e-01 5.993177805977708550e-01
1.989209085643222075e+00 -4.343138141869713753e-02 1.399253371943910140e-01
1.966846652561910824e+00 -2.499652379379599734e-02 2.541313129625193401e-01
1.706765856859830066e+00 -4.544186710794344275e-02 7.059865864808863023e-01
4.782535633496043381e-01 -6.862935572175133947e-01 5.067364296795191514e-01
1.706166432403730671e+00 -5.494435115495138744e-02 7.059108215790069751e-01
1.436173466674283139e-01 -7.129144167702894386e-02 5.113964034041256213e-01
6.570613166800444160e-01 -2.224432426106120742e-01 9.126401609066148168e-01
1.742851780161167596e+00 -6.411247957463089842e-01 1.926920574145127019e-01
1.471737617392826492e+00 -8.341545982062877895e-01 2.857441628937427147e-01
1.704402575897004724e+00 -3.348466135443334268e-01 6.258552200529738929e-01
1.999544420787320309e+00 -2.990932582381516588e-02 4.047604440281088282e-03
1.978469758958711022e+00 -1.983951768770292057e-01 5.688835201703554278e-02
1.249682064199508780e-03 -1.336346775258662883e-02 4.815828228625915891e-02
1.623767916143299406e+00 -7.574382390497087503e-01 1.928753504611781244e-01
9.769054308124264230e-01 -4.091142128473129191e-01 9.121908800905453862e-01
9.908449353102111168e-01 -6.681934319739260553e-02 9.977230879182835688e-01
7.389499184661227904e-01 -9.159051486818624577e-01 3.049108288487166196e-01
7.788427882602957375e-01 -3.895314799170485065e-01 8.940663923049304573e-01
5.670142328823273292e-01 -4.719741754135343692e-01 7.679607432780890530e-01
1.576713846791211182e+00 -1.195879126540147774e-01 8.081459460186254384e-01
5.291102908015936634e-01 -7.439313669356009129e-01 4.741613681652780965e-01
3.242915668428735243e-01 -1.234916292071538274e-01 7.267516294278973943e-01
3.763871408582095679e-01 -7.815967176394947868e-01 1.461413316517192959e-02
3.344300304767546805e-01 -6.476886491086955022e-01 3.708315378774832416e-01
2.515155668939234035e-01 -2.327301815240601646e-01 6.209732007145342125e-01
1.790601350294182437e+00 -2.578104349635164660e-01 5.554127154980680325e-01
1.988332033447824498e+00 -5.848374955628315303e-02 1.406394066352894823e-01
1.857819268629500531e+00 -1.525741209698269207e-01 4.907822734963374067e-01
6.061213727917893479e-01 -2.552798568384532230e-01 8.830015978021298340e-01
5.007026605871005565e-01 -5.103051761854409119e-01 7.002076792020678342e-01
8.750558947571707158e-02 -2.390303089141086745e-01 3.319916598084465265e-01
1.585525870327903819e+00 -7.991665835520002092e-01 1.359861276401919117e-01
4.857635227156837932e-01 -2.451530822168965784e-01 8.218642294867032350e-01
8.698195197822116143e-01 -9.877427288834597086e-01 8.612400425039472285e-02
1.998885195496110212e+00 -3.871030006223199343e-02 2.701627079723754876e-02
1.972347278168168572e+00 -2.330179518620730805e-01 1.560143419557881266e-02
4.352743338108284732e-01 -4.900067478014886735e-01 6.640619768185832550e-01
1.971447246594151714e+00 -2.319224800329995062e-01 5.002209851640201932e-02
9.824002590481628605e-02 -2.803975917848099964e-01 3.289470164648597428e-01
1.201147009550423306e+00 -9.560135330180076219e-01 2.134900588677346167e-01
3.729355727530848652e-01 -7.743819327003200748e-01 8.439683873709508122e-02
1.991140158758069933e+00 -1.030645547769753756e-01 8.377877562755388363e-02
8.957469587281040591e-01 -9.781259989718464887e-01 1.800023153209086013e-01
7.843053297995156159e-01 -7.857406766232584161e-01 5.797304531821045881e-01
1.854676055691284020e+00 -4.374362918150700996e-01 2.796038812875638602e-01
1.393980374084117235e+00 -5.060541160917476633e-01 7.672605140518694578e-01
9.853914902478477789e-02 -4.247244091047785997e-01 8.353149387888031407e-02
5.451719518649851270e-01 -4.222194818474173106e-01 7.841314658768585577e-01
1.968439414025983325e+00 -1.212470756346419876e-01 2.177710908524299882e-01
1.418200140663296693e+00 -8.886846369805548873e-01 1.880113250417063120e-01
9.978299849670784205e-01 -9.994216514674723051e-01 3.393602234775239257e-02
1.717725043394673579e+00 -3.541117147396654063e-01 5.995628870837886870e-01
1.139247896411643701e-02 -1.005758715699337225e-01 1.119806385462828457e-01
5.125282998927327416e-01 -2.902379354138194256e-01 8.234884834903607453e-01
1.636941731221827734e+00 -3.468468368634297083e-01 6.884783967460230691e-01
6.425842984766432231e-01 -8.701427396035102957e-01 3.392722049031787201e-01
1.776739275823319364e+00 -6.111391352390915799e-01 1.522663941015243161e-01
1.973074351799087189e+00 -1.201111310319254999e-01 1.967221951713081507e-01
1.872455546239159663e+00 -3.335592962350385493e-01 3.571547503978010907e-01
2.422886850370277179e-01 -6.003695349551143590e-01 2.557928550113609534e-01
1.410754892741979294e+00 -9.032871946028381283e-01 1.239058600513284758e-01
1.312070711189026628e+00 -4.180712745284579923e-01 8.531285252716181988e-01
1.226537589364077974e+00 -5.680755058890968323e-01 7.911832532441261945e-01
2.546616014882072676e-01 -5.138620537878371142e-01 4.247545895935935234e-01
1.977516935673754972e+00 -4.058151422575583672e-02 2.069149128848297436e-01
3.282871686194551719e-01 -6.937629055277030332e-01 2.597978119085898596e-01
7.479189882419075008e-01 -5.360489752344440584e-01 8.056715581805768966e-01
1.994901621612699349e+00 -8.250958182944310992e-02 5.799079425867140203e-02
1.019467280570732104e+00 -5.199637686483388199e-01 8.539664538377353953e-01
1.562399742007468451e+00 -5.374008361503719300e-01 6.284161610706826551e-01
1.109832455851007094e+00 -2.388518103175638618e-01 9.648246702638563210e-01
4.181205240408253365e-01 -8.122837176420193428e-01 4.014271429707368805e-02
3.844595384474069899e-02 -2.479300092965748270e-01 1.180869459874788197e-01
2.450598736286067059e-01 -5.164985104380849235e-01 4.040973822107540858e-01
8.784335456998512148e-01 -9.925705449844945960e-01 5.030946041563544822e-03
1.966807358670922712e+00 -2.549247676050429567e-01 1.723061465150773491e-02
1.550118447975942448e+00 -4.128615870937291099e-01 7.258891121231861865e-01
1.963049241645910881e+00 -2.304834366860314121e-01 1.393324929032425386e-01
1.692221100445152615e+00 -1.234398385796267733e-01 7.110503177342216707e-01
1.089449474091022108e-01 -4.180450355195028389e-01 1.768028323577705840e-01
1.997240320046830941e+00 -6.378911366242609460e-02 3.798279941047257718e-02
1.913945289262674931e+00 -7.903972218870695954e-02 3.980662388986251909e-01
3.878502198804727463e-01 -7.193016254572941470e-01 3.284475883822394748e-01
7.691355943665287853e-01 -9.124646378841828609e-01 3.378015849909398738e-01
1.938683968898968102e+00 -5.882320038424516950e-02 3.397237666526084499e-01
3.115684641487619366e-01 -6.172139440063026949e-01 3.809317101130992311e-01
9.009946019323480382e-01 -4.583681113809800478e-01 8.832307771033001131e-01
5.775242652796397369e-01 -9.055152474710952415e-01 3.945111113584723328e-02
1.855305291815228408e+00 -7.244526036830108151e-02 5.130346401979460902e-01
1.765111618960440332e+00 -5.411185932455327974e-01 3.489912299409682062e-01
2.188124549339092173e-01 -6.034994354763147939e-01 1.597950274989300146e-01
5.323515156834515150e-01 -1.826104723212144954e-01 8.648458304894912629e-01
1.885467242260935095e+00 -4.562236832361954431e-01 8.836126830922200193e-02
2.075564014014874559e-03 -5.096622050977323015e-02 3.936069650047784724e-02
4.479352791282722457e-01 -7.667346019974143889e-01 3.276317964860672727e-01
1.444741274481745830e+00 -7.538658335936400112e-01 4.836233076605371273e-01
1.757942001495543582e+00 -6.489113482112396358e-01 6.661819970248776535e-02
1.965939426050906658e+00 -2.235754184758674268e-01 1.302883626951616414e-01
1.496261177225943317e+00 -4.835174605734061104e-01 7.210656761342655319e-01
1.738216677102434549e+00 -2.902284739094543875e-01 6.089364257293441440e-01
1.818015467483208081e+00 -5.089548633060713145e-01 2.679844064032958495e-01
4.862649438985156003e-01 -5.151298260936305606e-01 6.860885907819416207e-01
2.432204472731488432e-01 -5.853222894803103982e-01 2.910026220020617282e-01
1.107156564960743772e+00 -9.473363535982312067e-01 3.017802242311793948e-01
9.170525104463036481e-01 -5.623829709078494998e-01 8.227059669223266702e-01
1.956677453596336047e+00 -2.149814637345279222e-01 1.963446460461550913e-01
1.207316425281647065e-01 -3.604335498585167219e-01 3.114077900200459270e-01
1.549458715797625175e+00 -5.794007784918256965e-01 6.019882536371377046e-01
1.952433041886821430e+00 -2.786364574164316155e-01 1.234221427485255457e-01
9.880754315821582701e-03 -1.214302696976494456e-01 7.013250977221395510e-02
1.803685304544634826e+00 -1.123082198829270378e-01 5.843601586399654879e-01
6.283699375689422162e-02 -1.412004398472727629e-01 3.190422158842324829e-01
5.421705709825586084e-03 -5.362972577437111199e-02 8.909471948557337595e-02
9.883434506490984539e-03 -8.250470750399790942e-02 1.134114631552629732e-01
1.963654851468292550e+00 -1.178508952854928488e-01 2.397508993143318279e-01
5.543268375534645687e-01 -4.382760705054556949e-01 7.805699957705272141e-01
1.297514549135750705e+00 -5.103080405255152607e-01 8.068895815584433695e-01
1.925345508713103948e+00 -3.757806985841627423e-01 5.024496070339182219e-02
1.997930901618137245e+00 -2.785006833515554781e-02 5.795074882465892085e-02
3.182751830073528021e-01 -3.558798687305331776e-01 6.392188928126891767e-01
1.293233756639610155e-01 -4.456586771929410551e-01 2.081118912446810743e-01
9.893772309113080254e-02 -2.771595401234492884e-01 3.335706258805807845e-01
1.702697951916015917e+00 -2.035896534063122709e-01 6.817381032324175694e-01
4.695803248684211617e-01 -7.416580566351907988e-01 4.106072274831781277e-01
1.856361590792156235e+00 -4.867028702374353033e-01 1.725257717518442480e-01
6.957137850288797054e-01 -4.112973839192159975e-01 8.592114765060800963e-01
8.151698425273136150e-01 -9.543998955600800915e-01 2.344326177039580128e-01
3.948303313614502930e-01 -7.414237695768732817e-01 2.899318300330743226e-01
1.614906372141640123e+00 -7.783177149211559787e-01 1.269318247702950486e-01
1.896740653122674924e+00 -4.423102369658226674e-01 1.475992250509295008e-02
1.806589892482902471e+00 -5.755010722846931603e-01 1.349491057531998217e-01
2.306724902320803627e-01 -8.297524624031624163e-02 6.334432028411468574e-01
9.108030666266907494e-01 -3.301894131470818894e-01 9.396908313495364595e-01
1.856269343493823776e-01 -4.992424125224772524e-01 2.958944465202947849e-01
1.885827191751413778e+00 -3.252525531207868803e-01 3.309395156855916009e-01
8.888690764987043913e-01 -1.210564540110021514e-01 9.864052173341497642e-01
1.459468852142897788e-01 -2.900619419197076887e-01 4.318070714735859905e-01
4.291379606495127064e-01 -2.748563430030876442e-01 7.736733953934126218e-01
5.272892044195343075e-03 -1.014680144632849335e-01 1.490713717518074924e-02
1.108998121416160387e-02 -7.289206737915784884e-02 1.293975318859867385e-01
8.516723465146902594e-02 -2.919220090738940954e-01 2.790386210957562230e-01
1.572465984456692389e+00 -8.195377014246492120e-01 2.531111581168408314e-02
1.999996836606821260e+00 -2.299985294479888875e-03 1.018255368521587623e-03
1.993188009366817726e+00 -1.066525392382411119e-01 4.693414454332162783e-02
1.176437191997815601e+00 -9.251382465876385464e-01 3.361385755617398718e-01
1.859823727009574323e+00 -5.077583349493406395e-01 5.370876800707780063e-02
1.958467570198004548e+00 -2.623643130586183481e-01 1.118252391547301799e-01
1.995688094573278448e+00 -7.513906906719203249e-02 5.439980353594987134e-02
1.122210156604047437e+00 -4.183982999913227196e-01 9.000041889831321695e-01
1.999554589701098006e+00 -2.641428617832150202e-02 1.388912139623591120e-02
6.476484014088470520e-01 -4.053992914409129122e-01 8.435044549197502350e-01
1.904185870891569099e+00 -1.009522051348449691e-03 4.271380242325455434e-01
1.651042827883199671e+00 -7.556581683145716655e-01 7.158190358821846233e-02
1.320375480646939437e+00 -8.855392138044655415e-01 3.364221339549638423e-01
4.321069370408739951e-01 -8.183450520375020742e-01 8.836766857080774473e-02
1.642065322216418544e+00 -5.338556438858333975e-01 5.502274743216379882e-01
1.615256161776868593e+00 -2.727383987928407860e-01 7.396442531511436824e-01
1.629899048733836953e+00 -2.474480669382627673e-01 7.362042125475268817e-01
1.982541814492871701e+00 -5.569336428955576346e-02 1.775100897052503124e-01
1.952587978844808170e+00 -3.029224199211983382e-01 2.853331507989276608e-02
1.996244759586077944e+00 -6.911290881059910240e-02 5.215155638152787348e-02
1.995374900327955725e+00 -2.063713115726291403e-02 9.382385951723527795e-02
6.434071691020870620e-02 -2.039782071801904684e-01 2.879836748210793385e-01
1.974394273456583360e+00 -1.758328314415420757e-01 1.401378437192023207e-01
1.229002258251656432e+00 -9.667170901191002308e-01 1.140878318985029394e-01
4.330899404203801817e-01 -5.375517595955903172e-01 6.242203858439074882e-01
4.223034729474162141e-03 -6.883242249894670761e-02 6.074811148956427154e-02
1.987057354498449779e+00 -1.262817259876237441e-01 9.884687456924759474e-02
9.385277644470951808e-01 -7.497676301248131780e-01 6.588396353234597935e-01
7.315507503092549824e-01 -4.513155668028742129e-01 8.510283541115868378e-01
2.106331034288305704e-01 -2.187722694142232027e-01 5.736188601614763405e-01
1.447406546088830570e+00 -7.423518010712478743e-01 4.987395973482929845e-01
9.697765896590899715e-01 -9.854046270785311590e-01 1.675239278419232425e-01
1.543488116561249290e+00 -6.230192024550653684e-01 5.625546555926457248e-01
1.366055653434189665e+00 -1.241733954315600297e-01 9.222712325860900062e-01
1.717303284897808702e-01 -4.658272454184653744e-01 3.114070145038460025e-01
1.565301072750070466e+00 -1.901250428639153500e-01 8.026750059791409875e-01
9.699783226052342000e-01 -8.027639149096986726e-01 5.955407591468938611e-01
3.126503265794543518e-01 -1.959175412932077642e-01 6.994045635126306948e-01
5.241265044764642500e-01 -7.072227660822992812e-01 5.228578921591532369e-01
1.738208874489915123e+00 -6.712176626347371444e-01 6.719008104990593921e-02
1.999466688563314776e+00 -3.225331771835062561e-02 5.105090443975312739e-03
9.629437216645451159e-01 -4.361352496328870232e-01 8.991178322464661310e-01
9.834854162216188911e-05 -2.963173495988227855e-03 1.370791791780424929e-02
1.691804956469917354e+00 -5.315367077193978718e-01 4.887480235770567671e-01
9.195179184860163835e-01 -2.559363106581742930e-01 9.633375521808847930e-01
1.095540561509833477e-02 -1.335951687515859188e-01 6.279427684304293711e-02
1.924795186511474077e+00 -3.110095287213480164e-01 2.191504872222120315e-01
8.674952714978758639e-01 -7.739038094324447448e-01 6.192861944775845950e-01
5.879617669068082364e-03 -1.009724520658711044e-01 3.910536226666473658e-02
1.335675876662054673e-01 -7.633478530790729910e-02 4.934246400509779695e-01
1.008314291941265761e-01 -1.166310274784257001e-01 4.217737363851021826e-01
1.968268230532934648e+00 -2.483982118788744808e-01 2.747657322151787068e-02
7.590793305578835692e-01 -5.341010600500635253e-01 8.103661448314342097e-01
3.771131891422861981e-01 -3.338232521021858856e-01 7.075125844926203333e-01
7.295034986645243524e-02 -2.391219086805978777e-01 2.887899911288734356e-01
1.661419835337093920e+00 -3.761728398175428478e-01 6.488588413563128876e-01
3.768437778531439353e-01 -6.979050459484468227e-01 3.529941495823328279e-01
1.878160053330146351e+00 -1.463113826471513501e-01 4.554425320971607904e-01
1.271670660793400298e-01 -3.259738970332582420e-01 3.631854731626852906e-01
2.705651925964835947e-03 -6.859918365758876924e-02 2.642225011420579195e-02
4.449917518663749627e-01 -4.931267244674299999e-01 6.699193071703992697e-01
1.954565740445740829e+00 -6.276643076204567462e-02 2.913153314480172451e-01
1.552620526469826512e+00 -5.790380775134884583e-01 5.994376185339845842e-01
1.647176176122570723e+00 -6.413232267858430813e-01 4.121498706106329069e-01
9.307041902535400091e-01 -2.167751749567554606e-03 9.975938009049246658e-01
7.228606750599327890e-01 -9.343025224711223320e-01 2.242155014174130601e-01
1.162975020717592400e+00 -7.413619873058968635e-01 6.510157804538624360e-01
1.999629443175547472e+00 -2.472121969271797934e-02 1.139463178207441967e-02
1.324074382142819140e+00 -6.347734104299779245e-01 7.014545689136572060e-01
1.751247937221137363e+00 -6.063294104915190053e-01 2.607511894392685603e-01
7.362832205638047967e-02 -2.659542339460996829e-01 2.666530700180783642e-01
1.948185221686173918e+00 -2.962497484841077333e-01 1.148079783771318862e-01
1.252760918597214390e-01 -2.091618656846180035e-01 4.371606094687939814e-01
4.998630198689836268e-01 -6.935127549061522734e-01 5.185586368848816852e-01
1.506280064014727582e+00 -7.463848789162604858e-01 4.319607728792077550e-01
1.920992395117511631e+00 -1.681220283851261321e-01 3.514370380414959527e-01
1.234025366703201732e+00 -4.409551267106221473e-01 8.664817966737969890e-01
1.552742045531585235e+00 -3.862541238275700728e-01 7.384334654711655066e-01
1.981333278736006953e+00 -1.903614512391338665e-01 2.734070093046924929e-02
9.983202778277067146e-01 -8.513932826665184805e-01 5.245251726692948813e-01
6.580334359599371297e-04 -7.536757537311364503e-03 3.548001056568031442e-02
1.462942942563323800e+00 -7.733327122457276381e-01 4.331747316054778141e-01
2.871096463829568846e-01 -4.898032682558733919e-01 5.018765805709927141e-01
2.152123816349127416e-02 -1.465279614947134212e-01 1.452889160779187172e-01
4.888037451517701637e-01 -5.359962686823889211e-01 6.718529519081537504e-01
1.040664932441333512e+00 -1.821899352685823759e-01 9.824221041672319688e-01
2.719759339149711019e-01 -1.228764067817806893e-01 6.744496629530034593e-01
1.510103468520880954e+00 -2.943765450789870841e-01 8.081688568055105382e-01
4.927582177363021287e-01 -7.605101816852252172e-01 4.053764150503245123e-01
1.978753376334901670e+00 -1.271787567985547228e-02 2.046462409897189250e-01
1.933434000805696273e+00 -1.451417841785669904e-01 3.280774735109586171e-01
1.080029635219826201e+00 -5.566819209032772831e-01 8.268618363584201436e-01
4.298125169020365899e-01 -3.974509853228416767e-02 8.205525950608336672e-01
2.604080763900240569e-02 -6.649753954141210399e-02 2.167523214418976552e-01
6.707753076195822617e-01 -2.081740220170129052e-01 9.210182834690522347e-01
1.960019795030592427e+00 -1.437852529507689658e-01 2.401828349056248646e-01
1.976619362409927749e+00 -2.120721933463029230e-01 3.521371572717801185e-02
1.994442895217166223e+00 -2.533831860361324129e-02 1.021826686010985780e-01
6.157734942500807662e-01 -8.587203798650209219e-01 3.390712336422563866e-01
1.261959096331087160e+00 -3.643728783624288758e-01 8.936497285644295907e-01
1.555107939642208503e-02 -1.724200334095616627e-01 3.364007731108863142e-02
1.139095298121235666e+00 -2.396882696979185309e-02 9.899888854801637272e-01
9.801306558566675875e-01 -2.879909921976047671e-01 9.574269672284946298e-01
1.329724162022961842e+00 -3.709161776482603479e-01 8.681607950933166729e-01
1.456317683844083444e+00 -1.729392528442109250e-02 8.896488585725426113e-01
6.033486053575696229e-01 -5.365753471980452272e-01 7.448184798375454552e-01
1.988040129663226407e+00 -7.042472263857936510e-02 1.371752915664986028e-01
1.865666565663196774e+00 -4.853094827822064250e-01 1.228661996423495856e-01
1.211487928746751708e+00 -8.796793426546604122e-01 4.259543521330351190e-01
8.732417569826442794e-01 -9.869401580496467430e-01 9.940559469210513699e-02
1.755999584800534974e-01 -1.871244166852685797e-01 5.341807037156139915e-01
9.607385341455787486e-02 -3.490943971609546392e-01 2.470842435082081234e-01
1.749006569875172890e+00 -6.585390236550422438e-01 7.290756207206278150e-02
1.101568611934954367e-01 -3.426491333974964193e-01 3.012818608893217398e-01
7.901493188030128678e-03 -8.650691951472766483e-02 9.086861756146691338e-02
2.612997557903475876e-01 -5.642658448365088786e-01 3.686814418377209468e-01
1.842853053256971574e+00 -3.123008268317201686e-01 4.382544057686408867e-01
1.984888797879644340e+00 -1.715578602163298494e-01 2.370561978061465000e-02
5.012987875883163635e-01 -4.003961981403115766e-01 7.687522261781758459e-01
1.504931519831030906e+00 -6.600071766670664863e-02 8.606323637585359121e-01
9.779429022899280843e-01 -6.424943503046247617e-01 7.659729070060158351e-01
2.340601707140276266e-01 -5.292856412106446973e-01 3.649560082004572603e-01
1.773355902507947501e+00 -5.202249766041093793e-01 3.623349579786251939e-01
1.628184261771638219e+00 -6.705950301434197014e-01 3.945717156732955755e-01
8.695475368890965839e-01 -9.277339533711351782e-01 3.497025402119103843e-01
1.984433378175404439e+00 -3.741624382836916674e-02 1.717292888005330087e-01
1.752155669292251527e+00 -5.675176773615321357e-01 3.349410918858670150e-01
1.760885957752290176e+00 -3.197292144099079803e-01 5.646466051861139812e-01
1.548000799187354559e+00 -7.923159059286321027e-01 2.681988614862328424e-01
1.516814182631715635e+00 -7.762099098397806651e-01 3.611111691671019530e-01
1.977253786347774600e+00 -2.079781799954993626e-01 4.147425363641701890e-02
3.274780495315166018e-02 -2.538001618555612571e-01 2.944319810184121110e-03
1.946742504495660331e+00 -3.004853388396256930e-01 1.157030307456100721e-01
8.698331255832147946e-02 -4.011414221286226378e-01 7.406813016169992714e-02
1.815735722199462998e+00 -9.244523274564148130e-02 5.709895887582578933e-01
3.152464310439789807e-01 -7.063747683591137250e-01 1.792965042258221620e-01
1.976334334566343109e-03 -5.391239718335988362e-02 3.228337345561026195e-02
4.228831222240586607e-01 -1.985803806055416176e-01 7.921502015556818321e-01
4.941674482273031854e-01 -8.379804496830000060e-01 2.047491038227007010e-01
3.231361800555387909e-03 -5.948442292096580613e-04 8.032389471612863541e-02
1.152193308706529695e+00 -5.027094365613392624e-01 8.509526538986407207e-01
1.154906170587385317e-01 -3.264197576943920209e-01 3.333066055085067703e-01
1.831242123497370144e+00 -3.385409449252961833e-01 4.409382731547244472e-01
8.698619822600355267e-01 -8.602629645450029505e-01 4.929621975070255235e-01
1.983283349905867521e+00 -9.119743632574162095e-02 1.575972125562742909e-01
1.827536609625177277e+00 -3.551935409824353296e-01 4.347651183966185218e-01
1.239258705117961989e+00 -9.580103467165015374e-01 1.580235666266420758e-01
1.855357804237186770e+00 -5.179373308863143288e-01 1.019548943890816878e-02
1.832018669114852338e+00 -2.745871524400818053e-01 4.820236819485088087e-01
4.232331800366984087e-01 -5.285255182774883931e-01 6.228971118242021543e-01
1.820383813311606369e+00 -1.828947029046296968e-01 5.417747931620062740e-01
1.965082996776478907e+00 -2.934269930010710223e-02 2.602956306408426568e-01
1.969453145014641304e+00 -1.734715648995269477e-01 1.734018909716103229e-01
8.201356041703905531e-01 -3.972753188309525174e-01 8.999006168242216219e-01
8.855919864702496147e-01 -4.472147188185799371e-01 8.870793660728419905e-01
5.772585051467015171e-01 -5.795194780985855054e-01 6.967401258959768917e-01
1.662660294840736519e-01 -2.941839144016929475e-01 4.672723947710219483e-01
1.184674910137750503e+00 -9.584384537358030531e-01 2.174647280966192364e-01
4.297059054631247044e-01 -6.650568457944466827e-01 4.821452453341286137e-01
6.955704098824739834e-01 -8.580151429955243936e-01 4.136818089440784663e-01
1.970731688980887242e+00 -1.528784077702874944e-01 1.852246755859915661e-01
2.211623207110944289e-01 -6.165663234890736977e-01 1.151426856514943114e-01
1.263867648899186902e+00 -7.518769312275715988e-01 6.041977690725323091e-01
1.885786669779629499e+00 -3.632750530838411707e-01 2.888134544089769884e-01
2.962693393246953466e-01 -2.173667596707588023e-01 6.763984395426514418e-01
9.112021589617104178e-01 -9.619952525123273146e-01 2.582248585451878964e-01
1.385544062518563990e+00 -2.504845185411272990e-01 8.880390091814105435e-01
1.731078543354570343e+00 -6.760065802615745634e-01 9.240815380479726338e-02
1.330658809423639344e+00 -3.616354178501915984e-01 8.717135861662698160e-01
1.968462239247515511e+00 -7.817497060912438622e-02 2.365788771677440894e-01
1.991952574429516343e+00 -1.288221617179070161e-02 1.259529221144089495e-01
1.147847333427205463e+00 -8.339165633028149394e-01 5.317182820325881965e-01
1.966932707729282637e+00 -4.340620557028970761e-02 2.513106445045802939e-01
1.772281369957947827e+00 -6.263979494779896573e-01 1.058635655249011848e-01
1.993793443013635702e+00 -9.150048553336158352e-02 6.326336831265366722e-02
1.789754385813582704e+00 -5.493928804377308239e-01 2.728653019578417549e-01
8.723648403047459254e-01 -3.400145362713202779e-01 9.317185096013527179e-01
1.230481709971814608e+00 -4.088389741903788455e-01 8.830225787325186593e-01
1.458788591154720482e-01 -3.502203369333240501e-01 3.844772974993730386e-01
1.988341666834562371e+00 -1.758982658294939994e-02 1.512327596767997495e-01
1.566334111933996853e+00 -3.640521000049010136e-01 7.394131065527258517e-01
1.214334701078251255e+00 -3.579197778962372456e-01 9.088201519026770647e-01
1.212860913729762569e+00 -1.180890366834324856e-01 9.699202084817645231e-01
1.190788524254342784e+00 -9.801668584981725330e-01 5.359728085148966759e-02
1.984577838117188353e+00 -4.445752540902174477e-02 1.692040458233489697e-01
4.160982013583679473e-01 -3.857791422435122297e-01 7.143060569202299703e-01
1.962866982699170038e+00 -1.496913448624503373e-01 2.246768232396642029e-01
1.089238705130572749e+00 -9.531300402907572078e-02 9.914392995890227711e-01
1.923939024463351632e+00 -7.995487495013621493e-02 3.740907604384506868e-01
9.422279693750842400e-01 -9.726661973098493785e-01 2.249063384795343679e-01
1.734033527282559994e+00 -5.601525717469528765e-01 3.839581711468031400e-01
1.109684830008927925e-02 -1.453720998604912662e-01 3.061877104220126281e-02
1.397131759247927540e+00 -6.394046374996447124e-01 6.583677356467235731e-01
1.668686155008129113e+00 -5.848462148783808434e-01 4.591445644270170101e-01
1.987547495511940987e+00 -1.279003293094580496e-01 9.160485724362590898e-02
1.699914596407685607e-01 -4.241897958427764403e-01 3.621447777251546873e-01
2.658584260031404689e-03 -5.744440368893156956e-02 4.483571048414545374e-02
9.553061438377696835e-02 -3.259888808863362075e-01 2.750752261136689136e-01
1.478803277102905156e+00 -8.036433708310510848e-01 3.534186672415935426e-01
1.754439746694466340e+00 -3.535199364680656764e-01 5.530319368058270735e-01
1.901507571310016020e+00 -2.244213943067059069e-01 3.700258594316757632e-01
1.322635512777964761e+00 -2.262968673534681285e-01 9.190734756919637372e-01
1.991550126940747178e+00 -5.630937619833189037e-03 1.296018453005580995e-01
1.032413392975660926e+00 -2.947485422114361486e-01 9.550249571712974284e-01
1.431489800867351780e+00 -2.184538962980184240e-02 9.018532755938601930e-01
1.888137978556969632e+00 -2.098127736605526206e-01 4.088881644821791839e-01
1.242082277212449126e+00 -8.741704519793992434e-01 4.209776620508123290e-01
6.267690407411341535e-01 -8.216810516979300427e-01 4.307422667109536141e-01
6.453817388007654365e-03 -9.603101700294593146e-02 6.036577499309903061e-02
3.516467852824928242e-01 -7.422558872023904408e-01 1.693939399118699340e-01
1.836380661741281228e+00 -4.392814920927953781e-01 3.278706442637763785e-01
1.996263938931168269e+00 -6.135194561358474352e-02 6.077913091498651776e-02
1.230706518440795705e+00 -2.552179419529233551e-01 9.389559651305491306e-01
1.482731986044828254e+00 -8.211912620363585047e-01 3.043267007745928399e-01
1.487234596575080836e+00 -8.003607098755259885e-01 3.493210299822533949e-01
1.935053726271019237e+00 -8.008275262524768012e-02 3.453422674950830107e-01
1.943047697792775086e+00 -1.051263946772800217e-01 3.156096969833206423e-01
1.858128710534387773e+00 -3.849302712436158402e-01 3.397702200560038244e-01
1.022176803919473187e+00 -9.953311637799356903e-01 9.393648799266579585e-02
1.318789943463323899e+00 -8.913853001819161959e-01 3.221881726045291439e-01
1.910367018348303692e+00 -3.797819476708381714e-01 1.643093549587601176e-01
5.272205747119884656e-02 -1.418754825023579580e-01 2.872905272770482910e-01
1.146398776166723810e-01 -2.863019916493217409e-01 3.662903537782707386e-01
1.017239377834632252e+00 -9.381762220403507824e-01 3.457284776381157054e-01
1.323968489135744386e+00 -7.240723380148754718e-01 6.089036601702892959e-01
1.075439696474558060e+00 -3.816191658740603621e-01 9.212359439543231776e-01
1.992588162834173726e+00 -1.211412323693862453e-01 9.671650402405347277e-03
1.871725622969962366e+00 -4.873187551502642934e-01 5.113579114893727212e-02
1.148300752228043287e+00 -4.717240386472144054e-01 8.691854337544767661e-01
1.016134731534603874e+00 -2.668224807761122030e-01 9.636106237432148225e-01
2.604908933635186052e-03 -4.955435389813000330e-02 5.241563055479536021e-02
1.912438195631081417e+00 -1.789067314497119754e-01 3.680338579471693627e-01
8.632723128912228594e-01 -9.777852618444820010e-01 1.588758046324307838e-01
1.518252553015313255e+00 -7.441909773669510564e-01 4.214191268781378175e-01
1.569156688680582556e+00 -5.797029400508348917e-01 5.830996184414567463e-01
1.317595459810436909e+00 -3.879559188857822360e-01 8.652302172886042753e-01
2.370529069388651600e-01 -1.387514727669786688e-02 6.463120093868084393e-01
1.316124133961036780e+00 -5.561442130711057308e-01 7.686150832470731720e-01
5.117619222539171453e-02 -2.465872198141983163e-01 1.973021156105461971e-01
2.362865191415264299e-01 -3.342577004848518718e-01 5.522802810363710568e-01
1.726637972014996247e+00 -6.869888330344754435e-01 6.603098656173165236e-03
5.487921275326995696e-01 -6.647465361717693755e-01 5.954187589177609707e-01
1.961628217282733289e+00 -1.073153038223022271e-01 2.524967272880169755e-01
1.994679559672580815e+00 -4.621197476315186403e-02 9.207077146440582893e-02
5.313995163265960997e-02 -1.923679898928019535e-02 3.210700770399569914e-01
3.373516250696607655e-01 -6.549494490156304582e-01 3.632331901634301419e-01
5.595110137215597579e-02 -3.233252962445816725e-01 6.505712726449187910e-02
1.934360716277833125e+00 -5.539080146294271534e-02 3.519970326438385810e-01
1.324415196440641429e-01 -4.071711113871405163e-01 2.855765557854147429e-01
1.979441829388616902e+00 -1.817826092004549698e-01 8.745733723452898956e-02
1.709094690301640185e-01 -3.179121396094142758e-03 5.591053430645287481e-01
1.828432097831577785e+00 -3.580542397230572771e-01 4.306941150035774601e-01
9.895200547466046492e-01 -9.997670240906781913e-01 1.886977181512773660e-02
1.744732528561708129e+00 -3.458419101334136436e-01 5.707598742880900522e-01
5.020926050577045885e-02 -2.047771908199110535e-01 2.365668051331598631e-01
1.140074842766263696e+00 -6.620112176856784991e-01 7.362881135006401623e-01
1.730177752643130784e+00 -1.454273569892320372e-01 6.676011783873314620e-01
1.195495289414340245e+00 -2.644387562020832361e-01 9.443800802828797858e-01
2.026335671396761740e-04 -1.271734906112186904e-02 1.560432974447953716e-02
1.573665004483615348e-02 -1.178000375838717112e-01 1.317148779761687927e-01
7.604515340704567361e-01 -9.689286696384800113e-01 6.159355180055693657e-02
1.375692884381328529e+00 -3.952438708220096242e-01 8.382345371093178343e-01
2.720043829603361329e-01 -1.972638932577432114e-01 6.565891698679142685e-01
1.951273810355840910e+00 -2.980451156128686163e-01 7.903952675966280372e-02
4.800325591795102653e-01 -7.381555049428638604e-01 4.298375402511235843e-01
1.128872768090624312e+00 -2.488430599317054681e-01 9.599317377649754235e-01
1.651780023707039025e+00 -7.452318101987895904e-01 1.407563489306494220e-01
1.880984216769645556e+00 -4.356565120538067326e-01 1.845811835152361968e-01
1.096398305729401779e+00 -8.534310551372571441e-01 5.122136280691961252e-01
1.916175121185333730e+00 -3.912752064113173001e-01 8.675747903679643935e-02
7.147590550151017297e-03 -9.545875348304927455e-02 7.163602050010836608e-02
1.462230120187467453e+00 -8.208951686815593174e-01 3.353720889202819744e-01
1.233779070119260357e+00 -3.554936743865180770e-01 9.049704933561900644e-01
7.830802892559118877e-01 -3.753738062638016237e-01 9.011328118883071836e-01
1.762118353361517009e+00 -6.472544797586509135e-01 1.540304846087772739e-02
3.842049742993958183e-03 -7.518782483959057794e-02 4.490132665803192591e-02
1.492184513218476560e+00 -2.253626807541487254e-01 8.408127419771865840e-01
1.677169733900050863e+00 -5.974977215540735465e-01 4.294620172115632961e-01
1.597574610758511149e+00 -2.713522406879631879e-02 8.013540192646131377e-01
3.253311672286796075e-02 -2.409601761143263798e-01 7.711046160531580262e-02
1.574944910735771142e+00 -1.558789312448922715e-01 8.032061431618824354e-01
1.800861935733740538e+00 -1.404553928901309257e-01 5.821446920662294300e-01
2.040027455881177065e-02 -1.969247920468599200e-01 4.006250357690722963e-02
4.942464126344525699e-01 -8.205312219851952360e-01 2.663490615984253629e-01
1.965263183824390580e+00 -2.527195559888179011e-01 6.633107849278052637e-02
4.332615446968057782e-04 -1.241026132775674765e-02 2.668933846321773842e-02
1.809765730899096869e+00 -3.574111758888667140e-02 5.856637547048209047e-01
1.812022109151695481e+00 -4.766154633829677301e-01 3.368349659893865033e-01
1.502687527540417678e+00 -6.042612798078565994e-01 6.182018726761292493e-01
8.768230064475501795e-02 -3.719017473929074336e-01 1.713636651372012765e-01
2.409870690205723198e-01 -6.028361502554594464e-01 2.459429741854720908e-01
4.062715874318170162e-01 -1.031987596707139021e-01 7.980204183551268260e-01
5.888347785396543799e-01 -8.007914187399377548e-01 4.355183857587904273e-01
2.425750512950554105e-01 -6.495900051484287951e-01 6.588074294189676106e-02
3.606477310037848882e-01 -4.746117684259081038e-02 7.674477915937394368e-01
7.451894634094209380e-01 -8.982034435125220428e-02 9.628104154936441006e-01
6.254786642625941306e-01 -1.573873001059418186e-01 9.137631021456444902e-01
2.134908446852999964e-01 -4.576320641042962989e-01 4.147001838796292583e-01
1.915089775116348481e+00 -2.703760707693182441e-01 2.991780136187405792e-01
2.990774973653232971e-01 -6.670580447715399597e-01 2.524702164729766829e-01
1.560128137562273087e+00 -5.866832510322597116e-01 5.848583011886193672e-01
1.180503049743881316e+00 -6.058420911114326124e-01 7.748380538350476687e-01
1.871514092999337908e-02 -1.666995319417099719e-01 9.639134510095816177e-02
7.354670109447789539e-01 -9.456656296680215901e-01 1.890471226072866218e-01
6.712393856668572578e-01 -9.443997200817046966e-01 5.062328801298860217e-03
1.305591098700166208e+00 -4.944423081553764865e-01 8.137203968816369981e-01
2.083185498396541435e-01 -2.886819588934383951e-01 5.384266041731768926e-01
2.924983925727983047e-01 -3.868129375455827135e-01 5.914534866202776353e-01
1.107492573301942285e+00 -9.897093893551702770e-01 9.444930548787659752e-02
5.607270378199495919e-01 -2.273574244124563215e-01 8.691075113368300631e-01
4.230917224385775111e-01 -4.141413865647591286e-01 7.040339133985886733e-01
2.990750186759636442e-01 -1.555990063980613181e-01 6.960553999243417334e-01
4.988655755534874281e-01 -4.248210186136453514e-01 7.539173633620115389e-01
1.690758830889330877e+00 -6.452228267887002433e-01 3.264042606020998716e-01
1.924147124632577421e+00 -2.887345841413617789e-02 3.809441106416354139e-01
1.154443565985449061e-01 -2.902982493472614500e-01 3.650866200678313245e-01
1.876452150878871183e+00 -1.500556168398096968e-01 4.575094961578662911e-01
1.939572498301516790e+00 -2.666411472146887340e-01 2.147231218278106701e-01
2.522405870524198068e-01 -6.575770269550386127e-01 9.191471029852958663e-02
1.065270314241192340e+00 -4.601299750228327601e-01 8.854491471362674337e-01
1.673143921410191748e-02 -1.014522565871719406e-01 1.512956608875457298e-01
1.048084097052038643e+00 -8.100448546954847062e-01 5.843930637781914461e-01
9.182123006080706862e-01 -4.659385385288237202e-01 8.810289725893236668e-01
2.197348633376984273e-01 -5.224171645176510781e-01 3.438991461558130736e-01
4.692287399007919468e-01 -8.131184428635837014e-01 2.389984672080552597e-01
4.885326897996029594e-01 -1.471470749559338764e-01 8.466102579866863209e-01
4.501217312958882832e-01 -8.161470690453933585e-01 1.775889954236546109e-01
6.369151972045250520e-01 -8.885845038556405839e-01 2.803337394724300102e-01
9.777114259001676855e-01 -5.563437238456140355e-01 8.306532853135485395e-01
4.664009830371120824e-01 -6.546054927783490074e-01 5.355032566853861198e-01
1.700477994646132363e-02 -9.436648613527272300e-02 1.575289295538330747e-01
1.996128967680664390e+00 -1.197533090141783725e-02 8.708427640656700441e-02
1.987560823167520141e-01 -1.917514673605600073e-01 5.667799918316388519e-01
6.775879195057030735e-01 -5.795818419809589672e-01 7.484218989295393643e-01
1.238479755281581607e+00 -8.841217554182191352e-01 4.018160374064776441e-01
1.999876640339836698e+00 -1.561455264871529011e-02 1.699955382248216759e-03
1.987361745448149364e+00 -1.252890007881782841e-01 9.705385055258695937e-02
3.177147237076738406e-05 -7.369273293732165296e-03 3.039037090474393243e-03
1.897531776910580614e+00 -2.091387858822181811e-01 3.881979877272001556e-01
1.995074543189306215e+00 -2.944034887626825053e-02 9.465685054256230135e-02
5.712643721258212626e-01 -5.210697555978294204e-01 7.380190181780901248e-01
1.419929714645073116e+00 -7.694272507405711670e-01 4.812907027731926357e-01
2.787133428190580187e-02 -2.522861753489936618e-02 2.330866236969327820e-01
1.550770754830087972e+00 -5.910228853047818642e-01 5.893585705408090902e-01
1.507768050917099867e+00 -2.929816404685066655e-01 8.101440395486668722e-01
4.970514741156772942e-02 -2.548390199479318996e-01 1.788764016182889383e-01
1.741176572925584587e-02 -1.839071774322665609e-01 2.642937686738104294e-02
1.534951622599104448e-01 -5.169417606327199044e-01 1.272822681938389766e-01
1.140851005300261845e-01 -4.074649169138865878e-01 2.216464129677396810e-01
1.683702350727173336e+00 -6.944657699550793595e-02 7.264490818727380450e-01
8.566915070540681576e-02 -2.645115707403977723e-02 4.041032471011243299e-01
7.060348648291808749e-01 -1.738504626538658338e-01 9.398726062286520966e-01
3.273178087999923935e-01 -1.948863547505199634e-01 7.138052804332641887e-01
5.272358377533159501e-02 -1.705506298727218484e-01 2.712561039213063352e-01
1.730661449840569688e+00 -4.563383722425732314e-01 5.078278603383979961e-01
1.791708827937409598e+00 -5.194709988147065971e-01 3.214763026358617437e-01
8.388743921377170842e-01 -8.414943820495444093e-01 5.156798846862900021e-01
4.232667169879711366e-02 -2.212183175763257972e-02 2.870059595551692211e-01
5.057925812354868711e-03 -9.898612286124930382e-02 1.708849004693405865e-02
4.158844456083697905e-01 -7.692990477832989393e-01 2.588203898410400550e-01
8.143489123729971135e-01 -4.434863516274939466e-01 8.768429332457698955e-01
1.074580442874011110e+00 -4.371885252691281587e-01 8.962722526742202822e-01
1.998806170166149254e+00 -4.575381165438165837e-02 1.711207635340470865e-02
1.153921631337309517e+00 -7.436227458485733521e-01 6.506407174955234352e-01
8.906755301618181075e-01 -2.560181524869673542e-01 9.604701275374265546e-01
8.886503043765821008e-01 -9.459908298531340964e-01 3.044710086664259019e-01
5.029728843056455734e-01 -2.409972136152373767e-01 8.335972584493319681e-01
1.656420862897927559e+00 -5.167869251289074484e-01 5.495843199802457058e-01
1.487284919271463224e-01 -5.239334747632111711e-01 2.881897926570432117e-02
1.998854992000212327e+00 -4.767444393900265032e-02 3.981501144347152424e-03
4.472722779429885165e-01 -8.094189346052987899e-01 1.983256251019769878e-01
1.991049071328631292e+00 -2.173721339585142284e-02 1.317164825389774974e-01
1.304553216494018120e+00 -2.270234926144193699e-01 9.250446865553568765e-01
6.763328711458782561e-02 -3.325715018969905845e-01 1.417339367590958743e-01
1.808290236815440988e+00 -1.201734530284230412e-01 5.763898283766498709e-01
4.904008183915489205e-01 -1.575084603921187709e-01 8.458721883410644793e-01
2.291463878943433841e-01 -6.369432311420574200e-01 9.382377416069934487e-03
1.978310674688259940e+00 -1.798217227495117320e-03 2.071351978921116554e-01
2.586802133950132365e-01 -5.785234721584433526e-01 3.402286968344611084e-01
5.151160842666113737e-02 -1.773780003656801607e-01 2.625010781632969858e-01
3.878567647614729053e-01 -1.568992089260811129e-01 7.750247078578070825e-01
1.853755583244409477e+00 -8.410948670414235273e-02 5.138355751846731545e-01
1.816381730871987621e+00 -7.907403358602491106e-02 5.720735675687996791e-01
4.652327103715274692e-01 -4.529786967851804347e-01 7.133261849968898227e-01
2.188102957069493204e-01 -6.051642894020389241e-01 1.533584974465430351e-01
1.999991220786990320e+00 -2.284678000858391973e-03 3.512633681034011118e-03
1.477386078204953490e+00 -6.941863219055135481e-01 5.387094604843957191e-01
2.354570023117488198e-01 -3.774175492316212410e-01 5.225227250731392381e-01
1.643177791955040767e+00 -3.589562969901215483e-01 6.763672854204128004e-01
1.999967179027196895e+00 -5.937638283296288629e-03 5.512288091770072181e-03
5.136590860753420529e-01 -6.459760151297482267e-01 5.883770078104851864e-01
1.506595815878053468e-02 -1.363892246246666828e-01 1.063151570971947735e-01
5.959928492132520184e-01 -1.600491994846626465e-01 9.006455883739689083e-01
1.036930837927405591e+00 -3.363869785378931221e-02 9.987514962275054753e-01
1.348630391227503278e-01 -4.686680505853900724e-01 1.785729466760473116e-01
2.084335410667670363e-02 -1.804020716398057889e-01 9.331321102075290641e-02
1.781649619800543594e+00 -6.214367608806814491e-01 5.329375284020268499e-02
8.290188335869566050e-01 -5.401028554690948669e-01 8.240475388265929846e-01
6.054557250586132255e-01 -4.360108258553120342e-01 8.088444688862896914e-01
1.598822914140887175e+00 -5.550901921339439493e-01 5.773092724844429702e-01
7.559498449068449144e-01 -4.981720034192154700e-01 8.320241443661909875e-01
2.915071477538333511e-07 -6.945609893534240463e-04 3.171738364248715509e-04
1.424493403153275661e+00 -8.571909672966340210e-01 2.915973186852232057e-01
1.752604715919354295e+00 -8.089243556711184224e-02 6.534849313059704068e-01
4.648304878156465092e-01 -6.224624378679172176e-01 5.710815236653087323e-01
5.035388775176109499e-01 -8.369556701397233844e-01 2.302858225868295583e-01
1.193884892068418635e-01 -3.751762592019548537e-01 2.894238096456805964e-01
4.298189287879161657e-01 -4.468609755015377494e-01 6.893539109958357614e-01
1.972383540789798939e+00 -2.209393613342618967e-01 7.520670325377948329e-02
1.731368709505002768e+00 -4.458688423387265343e-01 5.160433956446982551e-01
1.020444535339803727e+00 -5.399638115274407735e-01 8.414398987542116570e-01
1.989787031326872624e+00 -9.385153790632493054e-02 1.073010785116076393e-01
6.921913324558438552e-01 -3.020651836469184226e-01 9.022252761993783121e-01
1.955874325645139633e+00 -1.862084932475080445e-02 2.931851591449922134e-01
1.520365193863203457e+00 -5.367067590928032983e-01 6.642032217324831400e-01
1.392085643743372181e+00 -7.143456365602944835e-01 5.796370929276464246e-01
5.798866827755211339e-01 -7.741567098744432940e-01 4.734830400838255793e-01
6.682566238296482330e-01 -6.106845748690152842e-01 7.190345488112143135e-01
5.344173656124707739e-01 -7.192433976788641381e-01 5.156760082184661531e-01
8.766300419924077936e-01 -9.922746893421947600e-01 1.306883131943282518e-02
1.039310992792330524e-01 -7.779285355086729137e-02 4.370455320644401342e-01
1.996128313156438017e+00 -8.760428673848891234e-02 7.339800620593752226e-03
6.642846814657121790e-02 -1.944302461578105157e-01 3.010665612316578144e-01
1.441376790052098178e+00 -2.860102376448533934e-02 8.968659379433079337e-01
1.571162440752545741e+00 -4.223453828071205285e-02 8.197497850257783325e-01
6.932393573182893398e-02 -2.748534176591503342e-01 2.414490882140408745e-01
1.978839998445132142e+00 -1.762771842104310371e-01 1.039163691185160804e-01
1.906040347903858345e+00 -3.186186233404994517e-01 2.785194083557917533e-01
1.077041320215826214e+00 -1.477889571209275721e-01 9.860137215741529015e-01
1.424469704494477629e-01 -5.125315730511691426e-01 4.375143579773983771e-02
1.517866400238996327e+00 -7.456459420007458538e-01 4.193167307433893765e-01
1.937299175900513593e+00 -3.256966657786592445e-01 1.240642444739105954e-01
1.652312065784067308e-01 -5.312934146726491225e-01 1.445280908852459578e-01
1.313072061608376861e+00 -8.070174800421670014e-01 5.007081696424290351e-01
1.238584662953623017e+00 -4.434622517550909082e-01 8.639552013105833428e-01
1.450238152443511508e+00 -5.794514729554200994e-01 6.793538080956398328e-01
5.251607550237713529e-02 -2.210668576547503150e-01 2.310923132976024641e-01
1.050227463395535521e+00 -7.421945989968651292e-01 6.682996177918499869e-01
5.290452411016020040e-01 -7.227983130394826095e-01 5.057313651912741514e-01
2.766366526766184109e-02 -2.206867450407749009e-01 7.654680086450732501e-02
2.284128139829522119e-02 -1.848246889592962405e-02 2.117055431588536207e-01
1.707975205305478639e+00 -1.362256209153674125e-01 6.929745225323136193e-01
1.539128577693889000e+00 -5.191752268985885266e-01 6.631722705968363663e-01
1.242415161736946105e+00 -1.474540272962776288e-01 9.589015586566531635e-01
8.976360225225077372e-02 -2.019287707464416382e-01 3.615169038371957577e-01
6.384501315999784321e-01 -6.073249558245007451e-01 7.074164902606493444e-01
1.278919342826746686e+00 -1.286903074186982188e-01 9.516526703443735080e-01
1.059542039812739311e+00 -9.042910914219365326e-01 4.227438556263840019e-01
1.078442202585743859e+00 -9.569717444361993675e-01 2.793777034844311946e-01
2.195023108239402276e-02 -1.491335692283281000e-01 1.455260390769880230e-01
4.292750423797114800e-01 -7.564318885581590157e-01 3.195055879349478767e-01
1.022722064112007168e-01 -1.165402176205799500e-01 4.248566655886830135e-01
1.211258124626957144e+00 -6.821527644737437335e-01 7.000268642701721333e-01
1.490136881573916883e-01 -3.386183710268537705e-01 4.014472516528602153e-01
7.181057739035601184e-01 -6.005801888608285344e-01 7.482239517961054576e-01
1.894281879483584285e+00 -4.426687305356921676e-01 6.560727881284880714e-02
1.784766252636590833e+00 -1.374049758304137780e-01 6.043689281719948347e-01
2.023452045993553439e-01 -4.337185834631379633e-01 4.190883173426393493e-01
1.927170703399589957e+00 -3.737064386926819970e-01 2.641939509417837520e-02
1.374674213882533413e+00 -8.640904767124049091e-01 3.361054618812885919e-01
1.597913196997486018e+00 -7.857278429065758241e-01 1.585293844611297409e-01
1.069961117189090372e+00 -9.957848930282560129e-01 5.931179392295363173e-02
1.070209988913430665e+00 -8.047135361620463279e-01 5.894969738466440123e-01
1.990775303346945524e+00 -1.167114019541125869e-01 6.886760437007766189e-02
1.880449207042269144e+00 -8.533596233839912948e-02 4.663978637927265192e-01
1.271349554615480271e+00 -9.587210099334707580e-01 8.499084846103244217e-02
1.977916056632114339e+00 -1.886208445641863463e-01 9.001312780360593013e-02
1.888727115323691308e+00 -2.974692289186899874e-01 3.488211179601233836e-01
1.578832340858640215e+00 -4.770746188757218897e-01 6.613266433470617045e-01
1.864406445605187201e+00 -4.953271588101208489e-01 8.632787812346626177e-02
1.670383424669180883e+00 -6.363924720968036075e-01 3.815634749125492720e-01
1.276418380384865880e+00 -3.378672089125498434e-01 8.996880726824442176e-01
6.517940540149624873e-02 -3.548484783706986612e-01 1.389292310853512333e-02
1.272762360820758332e-01 -4.880203096527411244e-01 1.376260365533932099e-02
1.998490272143766733e+00 -4.931703970493036410e-02 2.418689787899406737e-02
6.055172901221705928e-03 -9.781402819406478932e-02 5.006092859736383655e-02
4.846337574405389370e-01 -8.566278594284372216e-01 2.421459231943220297e-02
1.561314988362088485e+00 -7.898965498832832832e-01 2.469593576331018947e-01
1.942363610769051174e+00 -3.004826613423382531e-01 1.471767486084061827e-01
3.248764589645758427e-01 -3.910345705106613168e-01 6.255399020089226214e-01
1.314479457698268128e+00 -5.047489462538015115e-01 8.039472445014538282e-01
1.190151931132138241e+00 -7.091874665687928347e-01 6.788927605656551734e-01
1.614347942615178333e+00 -7.060002847798952930e-01 3.523353562945452655e-01
1.898942815226747571e+00 -3.722191040121831662e-01 2.309864791726504440e-01
2.874789371500088286e-01 -2.986969448372002733e-01 6.348967397459537310e-01
7.008833224148360852e-01 -8.313012967990851543e-02 9.505885517561289966e-01
7.029481260546890375e-01 -7.127935654290847856e-01 6.353625085480508750e-01
1.603060457286828999e-01 -2.503215283622028386e-01 4.819265458538367075e-01
3.651444124038173422e-01 -5.096529284812803540e-02 7.709480668779254975e-01
1.977858601321254906e+00 -8.417687204064635068e-03 2.090973418390909555e-01
1.044473248561939016e-03 -4.408611303394768810e-02 1.201125348641822813e-02
9.800802907839104572e-01 -7.214471693972783761e-01 6.921829143755291458e-01
1.967463491407900555e+00 -2.528758193664722431e-01 8.259102407068757978e-03
4.971192533746668918e-01 -8.544588600617543106e-01 1.304262670458482543e-01
1.961199692597208610e+00 -5.125366793456394982e-02 2.710502028670797037e-01
5.131698838489244796e-01 -8.588831768072336947e-01 1.591104226813708777e-01
1.875746680339634986e+00 -3.079876700129458578e-01 3.717678670812015751e-01
1.807390425888057539e+00 -1.819288858813236931e-01 5.612687241119722614e-01
1.834127014478790674e+00 -4.586270888494132225e-01 3.064201643009349385e-01
1.773183458217102881e+00 -4.394353101383280946e-01 4.572569826072344079e-01
1.898397604640787772e+00 -2.621898498936676702e-01 3.523325511337702665e-01
8.786587526460883923e-01 -9.776611915100422712e-01 1.716242882163279693e-01
1.146957348902969631e+00 -7.364297960582716351e-01 6.603595180513288643e-01
5.437767721256125952e-02 -3.143103481497675489e-01 8.371037983464733878e-02
3.579587233344375674e-01 -3.098406942865706282e-01 7.012715189009679495e-01
1.956088303016237928e+00 -3.487350437585764323e-02 2.909965558697860111e-01
1.928307613179872426e+00 -3.216459070646970203e-02 3.704192414237864051e-01
2.996129718423401478e-02 -1.910854959388273711e-01 1.500374895861645297e-01
3.708023105004450981e-01 -7.289501401556987004e-01 2.697071758322514556e-01
1.509474757594074790e-01 -1.957203467594597901e-01 4.907171863151269520e-01
1.630291390032532872e+00 -7.652952199593258120e-01 1.305985832934829227e-01
3.604403466835881531e-04 -2.503043309941205274e-02 9.707120838825194706e-03
7.272780793664203047e-01 -8.368795693052183404e-01 4.746107252111395058e-01
1.955039391292445528e+00 -9.709553318067531968e-02 2.801289319511919285e-01
2.900413148895863991e-01 -5.981237927711526847e-01 3.717614745469784987e-01
1.468189156444055454e+00 -8.486641748813454900e-01 2.461057334991785250e-01
1.493984457670155752e+00 -3.970263126686764399e-01 7.735305182273265467e-01
6.570033089077880195e-01 -7.727523025833132886e-01 5.340478899424480064e-01
1.321486820664757422e+00 -3.123760775497155251e-01 8.939057054933257085e-01
1.960245993668876974e+00 -2.177096628429158465e-01 1.747287450527110209e-01
1.973153325112505296e+00 -7.470891568391141435e-02 2.176951624171024613e-01
1.463565738073086209e+00 -6.716034497982594775e-01 5.779754429937585813e-01
1.029558369506591742e+00 -1.051620528626985851e-01 9.940157168927535869e-01
2.152524375805354717e-01 -5.997819667505434049e-01 1.563101264715716643e-01
1.992844356126061811e+00 -7.545296968118853087e-02 9.255773265867769939e-02
1.209591312521632656e+00 -7.578592386189998420e-01 6.178356222777132700e-01
1.881436592408937569e+00 -4.703215600251811623e-01 4.321069008938056150e-02
9.270206155335414255e-02 -4.175077504461076616e-01 4.997728692013150842e-02
4.030735116866660528e-01 -7.016574572465283932e-01 3.890444450705438650e-01
1.848376195816551215e+00 -4.986318405288746036e-01 1.778317125335742988e-01
1.274853915118676184e+00 -9.501122967614885617e-01 1.474515136800725879e-01
5.161172605971631189e-01 -8.741907654072474942e-01 4.059556853520854269e-02
1.783584242958580202e-02 -3.962104978953166767e-02 1.838035364120452764e-01
2.909322918339504183e-01 -3.814510629207558123e-01 5.930582364597692946e-01
1.184236352056806663e-01 -4.671842629013949755e-01 6.754241284788058131e-02
2.711842616271031847e-02 -1.957348423308835628e-01 1.232449381742815875e-01
9.763369442039800949e-01 -6.276606636067187939e-01 7.781273360775651238e-01
1.964743634225832425e+00 -2.612492173629509806e-01 3.191499096003033720e-02
9.824893834510949331e-01 -3.699943688418056986e-01 9.288689602594281114e-01
8.037988732659472335e-01 -5.143365312986976079e-01 8.348431292404052684e-01
6.750595492289181987e-01 -5.508041000806489507e-01 7.687838101748972752e-01
1.265597944533306762e+00 -8.164774062779049935e-01 5.126620494023206298e-01
1.918965301403057655e+00 -2.708585382660691487e-01 2.865980234850819541e-01
3.712244095514237729e-01 -5.652241075371988721e-01 5.340065216032678919e-01
1.443504043875610598e+00 -4.941709827275256872e-01 7.477293647410752087e-01
4.998253770765047621e-01 -7.782814647826510335e-01 3.796094152666795729e-01
1.771812852676167616e+00 -2.739706005142671930e-01 5.737987717812996769e-01
1.012306598615345665e+00 -5.696416048462551833e-03 9.999080450095015893e-01
1.880005813963168126e+00 -3.429029098872443670e-01 3.286447349066801693e-01
1.261443789914353353e+00 -1.244141753263352662e-01 9.571667867686840525e-01
9.577314617863544877e-01 -7.747606676891476141e-02 9.960978013003042308e-01
1.549090424859454140e+00 -7.593987284710134178e-01 3.490175877004942362e-01
1.532761090985124142e-02 -6.151992145218928426e-02 1.632041219700503809e-01
1.480852375858532799e+00 -3.212487641006928629e-01 8.158310022271656470e-01
1.533292049223121456e+00 -8.005620971688892640e-01 2.733128588485247423e-01
2.633114033485260963e-01 -4.346069447327333829e-02 6.748341126525709832e-01
7.479870994332624701e-01 -6.538307277913810722e-01 7.134387691622405825e-01
3.407913423172522771e-01 -6.587161382402115795e-01 3.626802928999761644e-01
1.072655550759615162e+00 -5.519219424447404654e-01 8.307245875690941750e-01
3.368017221808097261e-01 -6.826107500281257678e-01 3.069374663407835602e-01
1.996631864645804111e+00 -1.204089150645954766e-02 8.111684969448186566e-02
1.715951396015698016e-01 -1.985122957812142375e-01 5.237730956167271357e-01
1.594627762074796173e-02 -1.769368083894149457e-01 1.821091179774944613e-02
4.559386885835498004e-01 -2.714708392403511472e-01 7.939149027836370776e-01
1.233804622750384050e-01 -1.366459053666474188e-01 4.613741243561497174e-01
1.203708861405530017e+00 -9.381741010859080410e-01 2.798786448382780678e-01
1.999985749226248721e+00 -3.518599311386900064e-03 4.015072017298499177e-03
1.906313709456040950e+00 -3.222467892900597319e-01 2.734089735986711123e-01
3.928423226565391779e-03 -8.850769588822769707e-02 2.793154603806983095e-03
1.999108704179291429e+00 -6.539062428922668216e-03 4.170177329236693375e-02
1.722607655252725856e+00 -6.910128827356335490e-01 1.842206458427641039e-02
1.782603686295109569e+00 -1.151448370148272921e-01 6.117786664359378124e-01
1.133356351790844263e+00 -8.413162758428486265e-01 5.238349047543093828e-01
4.744122319459864734e-03 -9.282223400720276962e-02 2.915082874036150490e-02
3.335150724558044733e-02 -2.533878228618413608e-01 3.721965449792694752e-02
1.182747887949697763e-03 -1.166009916478219152e-02 4.720316695731755635e-02
9.924052584196980664e-01 -5.707993980551202551e-01 8.210544239453563264e-01
1.979710377523721476e+00 -1.991622254495116762e-01 2.240500226120982485e-02
1.762719867040043020e+00 -6.095816934183417857e-01 2.160290801527557647e-01
1.546197535722535044e+00 -3.214311732308518521e-01 7.735310290131017785e-01
8.265192662974467641e-01 -1.030263673499129812e-01 9.794335110995051608e-01
1.999503584991111360e+00 -9.381421031622106874e-03 3.007611227109633842e-02
1.323959250539445964e+00 -4.655299113050447024e-02 9.449249827402826929e-01
6.748526147592861513e-01 -4.690491001528806492e-01 8.211407428187325053e-01
3.610460163638608000e-01 -4.377492742300019835e-01 6.325451602112017735e-01
1.871865470350353444e-02 -1.206244624209777544e-01 1.501221517256805249e-01
3.767551175194581159e-01 -4.301360696796149297e-01 6.531070188126819609e-01
2.053383994152173653e-01 -4.580392836593084605e-01 3.983879455767945776e-01
1.010524748578802035e+00 -9.147515410525951518e-01 4.038797442423366357e-01
2.658637585861711727e-06 -2.301346767415893974e-03 1.451590836536926262e-04
6.083687645034907554e-02 -1.433945361198881163e-01 3.121067675899151794e-01
1.026632033951653034e+00 -9.557137890129943081e-01 2.930902391039729715e-01
9.062891967338637667e-02 -4.099502316331162799e-01 7.060485712443534401e-02
9.447624624450822184e-01 -6.994943563629473227e-01 7.125001472710409400e-01
6.281771865473357863e-01 -7.315185686459437786e-01 5.715141110439312389e-01
1.343997068014612939e-02 -1.472673951048444618e-01 7.079281663730287166e-02
1.991196936435482900e+00 -1.136540169696035746e-01 6.790727227319716397e-02
1.564180155894248081e+00 -3.046282471771746270e-01 7.673997541808988965e-01
1.900482671621781527e+00 -2.352670583178756991e-01 3.657599887622371981e-01
1.502166327330577644e+00 -4.811537330011225744e-01 7.185541489090461198e-01
1.836431049328768328e+00 -1.191828943725941475e-02 5.479425645956564894e-01
1.908540604100886995e+00 -2.786340617638603523e-01 3.113150017666490577e-01
9.741927126682980997e-05 -1.075272655115747968e-02 8.899883355151095091e-03
1.657144455599488309e+00 -6.285223796680156072e-01 4.160778565741116153e-01
9.765971411921650081e-01 -9.098912494311269805e-01 4.141862146526405497e-01
1.478259637552574279e+00 -5.929709602852075712e-01 6.478064211988942001e-01
7.537716806869175779e-01 -9.526412520015768992e-01 1.784552037714868533e-01
1.576065043876537786e+00 -5.239666337009941666e-01 6.273818868851497310e-01
1.977734130154069625e+00 -1.114368843650217072e-01 1.778139239060922139e-01
2.802398762954128042e-02 -4.783430735634964376e-02 2.301619221681989458e-01
5.061883522150547599e-01 -8.346966279145925371e-01 2.437859632134825316e-01
1.167416525295736918e+00 -6.431303399101431229e-01 7.472316059596018079e-01
9.167511935604977236e-02 -4.176870850368655796e-01 2.198659129014104985e-02
1.971973417851028199e+00 -1.667430321755310196e-01 1.657239759717949179e-01
3.505000193428922106e-01 -7.237696344844901652e-01 2.330392484638671435e-01
6.948408926430449384e-02 -4.879014536277679476e-02 3.629871369390357816e-01
3.793181478195444267e-01 -4.154805246450825051e-01 6.649285465480377910e-01
8.734213134498070019e-05 -1.188416774475521123e-03 1.316298976723092803e-02
3.256759777677104006e-01 -5.777017721429165142e-01 4.599432307398385045e-01
1.063087576971633030e-02 -4.028017611900398115e-02 1.397363354021545767e-01
5.686400633589084874e-01 -4.098296959622663160e-01 8.037214849489031643e-01
5.857046975800923594e-01 -8.140204671526777291e-01 4.070995964740489748e-01
1.744373381959742897e+00 -6.571830832364939923e-01 1.184004363910461793e-01
4.930317136307442727e-01 -8.619247506622815802e-01 8.299446462512943129e-03
3.317880634058171241e-01 -5.247710523445601183e-01 5.273596025618900729e-01
1.186776037369514647e-01 -3.011919947932391595e-01 3.640799584124720933e-01
4.030033445050259511e-01 -7.206202721250382082e-01 3.525640604631321007e-01
1.545202623544900344e+00 -8.403132028612789184e-02 8.340820322310795731e-01
6.087610520789181745e-01 -6.787482580922780118e-01 6.214763774805149854e-01
6.281230576070891969e-01 -1.651126558701436486e-01 9.134798030542367053e-01
1.101395588049563390e+00 -6.381497066342304292e-01 7.632063198419736239e-01
1.619930018555382212e-02 -9.827435659132525980e-02 1.499277622095623042e-01
2.239690836290586518e-02 -1.750519625074799246e-01 1.168289589266086892e-01
6.455128452134177852e-01 -5.037012822466324646e-01 7.877968490381337396e-01
1.981644559761087887e+00 -8.184645603777912504e-02 1.722646682448722988e-01
2.034315772201543693e-01 -5.012279790983042993e-01 3.380077821575399044e-01
6.017571530867531493e-01 -7.051123550658541239e-01 5.867019700119620040e-01
1.931022003842833623e+00 -1.653560624260465017e-01 3.253542699572699592e-01
6.652993519803618305e-01 -7.946482349998189587e-01 5.064678260530541820e-01
1.462184809637961935e+00 -4.723551199909261089e-01 7.505103879083079299e-01
1.226258844152962046e+00 -9.709489482995586895e-01 7.787859294149164502e-02
1.985800688919735268e+00 -1.678850678157766119e-01 3.406718342869170975e-03
9.994600893889538096e-02 -4.215845467852020745e-01 1.103144736056550224e-01
2.993087581894857685e-01 -1.177030592635480433e-01 7.036886907504207311e-01
4.861738417837948578e-01 -6.767666176269439005e-01 5.272282469657344484e-01
2.371909012082102919e-01 -6.464789933719525816e-01 1.368173706970134303e-02
1.196036922761666066e+00 -4.040520169799353689e-01 8.934827880203304318e-01
1.523058945520147089e-01 -3.723328960777267382e-01 3.778662701103563948e-01
1.956796138411444952e+00 -1.615726957688502496e-01 2.417341794263560550e-01
9.489839615821811236e-01 -1.917344744880785656e-01 9.801200207714012569e-01
1.772286277379424124e+00 -6.330116613678260507e-01 5.357370944573389138e-02
1.675996558999635511e+00 -7.308262034902617277e-01 9.445481730786915719e-02
1.361582710070565527e+00 -7.052814412244958753e-01 6.097835947631939923e-01
7.430995666740489725e-01 -5.944341545030346063e-01 7.620040704072392757e-01
3.877401617272276946e-01 -6.245209771203724669e-01 4.848829132634123740e-01
5.459058212705018009e-01 -8.478615674737903785e-01 2.737320573934839407e-01
1.907608733511317656e+00 -2.542565498477346586e-01 3.340658523607413222e-01
1.288834474793194129e+00 -7.789180770132988485e-01 5.566518440397411061e-01
2.217806276888966144e-01 -5.283907573060938612e-01 3.393785735034030027e-01
5.081982138054199627e-01 -8.581907868197178324e-01 1.471039649825053031e-01
1.513367765497788620e+00 -5.247508726536335155e-01 6.790361249573233504e-01
2.451978020383777102e-01 -7.176098110411324726e-02 6.520153399600955302e-01
1.311261783417157156e+00 -3.786561930823645894e-01 8.716281257648479386e-01
8.920976501492245969e-01 -2.596485152014216258e-01 9.596560485144550734e-01
2.481714990906507268e-01 -6.385411221276879878e-01 1.643749998397368850e-01
1.676075674957205219e+00 -2.660654009059439384e-01 6.871178095289908194e-01
6.225645745907892881e-01 -4.398251194912163320e-01 8.149210783325617768e-01
1.826630719226181920e+00 -5.478325960047978338e-01 1.286899405013818831e-01
1.468960195213991460e+00 -5.264765398504249738e-01 7.091535717261664429e-01
1.984472126737002018e+00 -1.748376041771110556e-01 1.569852997996918492e-02
1.986304889349717051e+00 -1.109973881364524073e-01 1.219928074589978761e-01
1.560278262375097036e+00 -8.281336716781101392e-01 1.681935025124333544e-02
1.409896447302239064e-01 -3.070088082577214772e-01 4.096911046037814974e-01
1.518879017814467325e+00 -5.680054056392901396e-01 6.388539927373383387e-01
1.987946103064046843e+00 -1.405403772379846261e-01 6.489144632668308876e-02
1.243790341080996953e-02 -1.249600732881548243e-01 9.542581131005511974e-02
9.063371097368451146e-01 -2.403058330252433872e-01 9.661678785809409975e-01
1.343904673084278079e+00 -3.327014642614434803e-01 8.780884417352771143e-01
1.982128704763697069e-02 -1.063810758960671149e-02 1.978295259610176604e-01
1.809495012195519781e+00 -7.516128998242663228e-02 5.822959777628150535e-01
1.684719859272188813e+00 -6.713668165210934236e-01 2.835935683202399638e-01
1.605909123938089600e+00 -2.667225741412603268e-01 7.494886269797805811e-01
1.056413048752950834e+00 -9.360381905331094377e-01 3.473471948841670431e-01
1.052343832362875098e+00 -1.952449978105652850e-01 9.793566837692585514e-01
1.999352212507783833e+00 -1.530399836636697070e-02 3.257211982354438901e-02
1.943079473842911575e+00 -2.567399405576611393e-01 2.113899452164784420e-01
1.799561775302757294e+00 -5.363532654445978265e-01 2.702334955582296194e-01
1.857337519986569596e+00 -5.111711257639866002e-01 6.063379427726001830e-02
6.048424086132375699e-01 -6.076887455452730791e-01 6.888866862605378394e-01
1.832629660551134076e+00 -1.525832616150769594e-01 5.323966534881751089e-01
7.631022788465002815e-02 -3.828733235543979041e-01 1.432560644099478350e-02
6.371875458431874861e-04 -3.267587055482184394e-02 1.436163525516174003e-02
5.780992162985245653e-01 -2.791239754803686024e-01 8.626062456440455328e-01
1.984648207773948458e+00 -1.149949858015906073e-01 1.313166408649082961e-01
2.374867603159730445e-01 -1.522108173160020839e-01 6.288127117024306934e-01
1.849829378102409549e+00 -2.846603506008914264e-02 5.262886213495684418e-01
2.668772408026051091e-01 -6.775153562223340531e-01 5.919427362272606380e-02
1.931327455186788278e+00 -3.856273683996059437e-02 3.621354533081689864e-01
1.995287425341824905e+00 -4.316011623765395044e-02 8.683401017339589800e-02
1.377327125428479127e+00 -7.737037268384230337e-01 5.089270905465886896e-01
1.363184401669991885e+00 -5.706358395748120094e-01 7.365268691475956864e-01
1.796930051567914965e+00 -4.253883168363155609e-01 4.288907469357746693e-01
1.627564582480481192e+00 -7.257248154710190802e-01 2.819329477476071322e-01
1.930709115294795719e+00 -1.823396914551422276e-01 3.170690455204069336e-01
1.801423978569115292e+00 -1.530355015451330403e-01 5.781865977703735116e-01
1.011944051746337614e+00 -4.121727180511848554e-02 9.990788137743806807e-01
8.367249799561671253e-01 -6.916484901185790402e-02 9.841531849721631975e-01
1.216855913719719906e+00 -7.713495075257486011e-01 5.983255384191539239e-01
1.954461515229139135e+00 -2.443879943408465982e-01 1.711073469157705085e-01
3.365840284156184081e-01 -1.740514776777394856e-01 7.277261378876990205e-01
1.991454028355977623e+00 -6.546180967507485293e-02 1.128435249837957122e-01
1.045698018372757554e+00 -8.841684689300128852e-01 4.649277467163688282e-01
1.933898356477179670e+00 -1.803758077820486194e-01 3.087044342671418362e-01
2.434042566243883599e-01 -1.384297905373033932e-01 6.390618703988713012e-01
1.957776478665157027e+00 -1.758536939795554976e-01 2.274636129791241801e-01
1.558750468322444016e-01 -4.883552737519532561e-01 2.212740157320539081e-01
7.270619517952592314e-02 -3.663549000705926262e-01 7.687838926404919060e-02
1.015930904898054710e-02 -1.257869572347851579e-02 1.416233841973300045e-01
1.943850689936808873e+00 -3.292094476582335671e-01 2.769502984961239728e-02
1.902195902597906274e+00 -3.200283940314215814e-01 2.891788034231041471e-01
6.100928718286828811e-01 -2.629272043610619281e-01 8.825200941667403765e-01
1.912390663686706294e+00 -2.045061150232395930e-01 3.545709036785634760e-01
2.025577466390384718e-01 -4.820406587625090944e-02 6.014667244225486709e-01
1.614119747790491166e+00 -3.740397806288687232e-01 6.949468885323908385e-01
1.674274452613116360e+00 -3.291372921147569519e-01 6.610768529396920945e-01
1.879881271574243229e+00 -3.904585636469157794e-01 2.708340045261675155e-01
1.728524487872256321e+00 -2.716689501125264528e-01 6.288466045986289554e-01
1.388370143163064618e-03 -2.850052679379366100e-02 4.430048179363298144e-02
4.078581677195664001e-01 -5.411383095318361702e-01 5.971075116095906354e-01
1.788432459166459099e-01 -3.200861479188477077e-01 4.724896222498051190e-01
1.973381587690039130e+00 -1.961158039895245786e-01 1.186038623804510361e-01
5.636462630924885531e-01 -7.067539278647655410e-01 5.568611153012715809e-01
1.329618521818734411e+00 -9.369841704431924878e-01 1.158114606285353815e-01
3.813575742720964890e-02 -2.367667108730501235e-01 1.369624163127601824e-01
1.526448051624592628e+00 -4.001935521445902366e-01 7.501317016115006675e-01
9.686228501434950289e-01 -1.655219113678685627e-01 9.857068384281453266e-01
1.901869734588000682e+00 -2.802652301197043339e-01 3.287588517745468897e-01
5.708148218068316293e-01 -9.017769386986570490e-01 5.097485311972014405e-02
1.866070113566372202e+00 -2.680623059242380757e-01 4.219776753925630897e-01
1.554250124502853936e-02 -2.877272827739402357e-03 1.755994147091044788e-01
1.925392371073638254e+00 -1.590955446876823609e-01 3.440022779273989584e-01
1.724645079976722339e+00 -1.231111184829544181e-01 6.780362531394656944e-01
1.254711417317185163e+00 -5.701872040398290320e-01 7.810305027574230285e-01
1.874657183472262956e+00 -3.181465741884999532e-01 3.657288185698380767e-01
2.685336324439013822e-03 -2.729159317426065393e-02 6.796050735326569781e-02
1.134216403082702218e+00 -3.612788209850892884e-01 9.227478369799440028e-01
1.946267657827691622e+00 -2.969428784661268250e-01 1.280720370633097738e-01
1.546170179472603934e+00 -1.065722963620652219e-01 8.308673063149011329e-01
1.685060132534402344e+00 -6.789735025842058569e-01 2.639840858848928606e-01
1.078916302723571530e-01 -2.643145646465162590e-01 3.664429936260344411e-01
1.015409176417372272e+00 -9.107884917079694942e-01 4.125856040320119433e-01
1.072361882181072090e-01 -3.037886371233986527e-01 3.326939138718548183e-01
3.182117383242277775e-02 -2.058437373395947401e-01 1.423310098286395264e-01
2.128529882141469987e-01 -5.383608418673025975e-01 3.009438249582993552e-01
7.622815548152915843e-01 -6.767572585644036076e-01 6.967708043534528439e-01
8.820382667773990493e-01 -9.811269096631044517e-01 1.532155887305415576e-01
4.848222754107650578e-01 -8.059311055067511775e-01 2.916624166116099093e-01
2.616698103499003336e-01 -3.536257921344858612e-01 5.742972489821845938e-01
1.702732161879942030e+00 -2.561646455492092578e-01 6.637372846467125553e-01
4.026975313501219844e-01 -6.452512549552860133e-01 4.763198283962050139e-01
2.166191223587392578e-01 -6.166298897144295577e-01 7.798704800656579283e-02
3.955335915411235526e-01 -1.491218070297911369e-01 7.825490704824819010e-01
1.806975131426091785e-02 -1.389734165783995667e-01 1.284498976273984461e-01
1.918570736693232748e+00 -1.549015742218204927e-01 3.636389748011804590e-01
8.245795486222440296e-02 -2.482547548123231751e-02 3.968630635011511920e-01
5.413912259460790244e-01 -8.010956182545323490e-01 3.846086358548752582e-01
1.993718643680714830e+00 -9.911849015821483366e-02 5.194980375435966080e-02
1.301786366613032042e+00 -1.819391540045275923e-01 9.358542264512254016e-01
1.095856734580739067e+00 -9.784618382993509611e-01 1.828220922847470231e-01
1.347290420537217148e-02 -2.118969036203552717e-02 1.622198701928286857e-01
1.999448089686932439e+00 -1.937221027280324609e-02 2.698580164248970403e-02
1.714413727261012710e-01 -3.684728278688203119e-03 5.598901891866875369e-01
1.988973489675017303e+00 -1.129553968106537382e-01 9.577324809865289668e-02
1.996646857574621681e+00 -3.118117592139464742e-03 8.176379779164659467e-02
1.981391755425949697e+00 -5.101438325504418364e-02 1.851155182124950282e-01
8.169373553565317803e-02 -3.417751986821070953e-01 1.997581492989542462e-01
4.856192600891173772e-02 -3.074435853962674825e-01 1.562156070360815746e-02
5.160752280926306224e-02 -3.113169484059518655e-01 6.027824519031156625e-02
7.308613683256759419e-01 -1.500471657237292811e-02 9.629845561695449252e-01
1.465541406322814488e+00 -5.428593333668862986e-01 6.989813611073159016e-01
9.722586426672121807e-01 -5.051641289445694127e-01 8.625773124311866269e-01
1.937305744642600747e+00 -3.331298778187629095e-01 1.023837172817832347e-01
1.993953751789362405e-01 -5.700030011010250863e-01 1.847398534451854535e-01
4.088684348109187239e-01 -7.047108739741976269e-01 3.923596013093468282e-01
1.948847799937508007e+00 -2.999044065124636949e-01 9.871777706248048567e-02
8.345749272220515103e-01 -8.972284189872949955e-01 4.094089757906747007e-01
2.907967377902520578e-02 -2.382045258713753333e-01 2.392329378135550633e-02
2.047418023687352928e-05 -4.546186802125294266e-04 6.382888306811716414e-03
1.211260441121039921e+00 -9.714153781537554488e-01 1.082644406245188429e-01
2.142255167192963494e-02 -2.001190226811070672e-01 4.835860197401595922e-02
3.438156283179003569e-01 -7.525586167876242571e-01 5.547610890163279934e-02
